3480 3243 3184 3125 3066 3007 2882 3169 3168 2354 3224 2932 2003 2873 2931 3105 3046 2987 2005 2173 2231 2055 1946 2747 1991 2629 1990 2511 1234 2393 1230 2272 937 1401 1342 1632 2501 933 1223 1281 1802 2381 2322 1741 1740 985 1043 1739 2261 752 1042 2202 1504 575 1155 1445 2257 1386 1734 573 1675 2139 571 1151 1673 1672 917 1149 1903 684 1148 1670 1844 451 1321 1553 1494 1726 739 1145 1667 1608 331 1549 619 1431 328 1372 965 1023 1254 1195 439 148 380 1076 785 146 784 957 434 608 547 837 198 371 719 312 427 601 251 365 361 237 119 0 
3479 3243 3184 3125 3066 3007 2882 3169 3168 2354 3224 2932 2003 2873 2931 3105 3046 2987 2173 2231 2055 2005 2747 1991 2629 1946 1990 2511 1234 2393 1230 2272 937 1401 1342 1632 2501 933 1223 1281 1802 2381 2322 1741 1740 985 1043 1739 2261 752 1042 2202 1504 575 1155 1445 2257 1386 1734 573 1675 2139 571 1151 1673 1672 917 1149 1903 684 1148 1670 1844 451 1321 1553 1494 1726 739 1145 1667 1608 331 1549 619 1431 328 1372 965 1023 1254 1195 439 148 380 1076 785 146 784 957 434 608 547 837 198 371 719 312 427 601 251 365 361 237 119 1 
3478 3243 3184 3125 3066 3007 2881 3459 3110 3400 2872 3104 3045 2986 2172 1944 2054 2005 2746 1932 2628 1946 2510 2626 2858 1175 2625 2392 2624 1237 2563 2562 2271 878 2618 2559 2500 758 1222 2380 697 1682 1681 984 1680 2260 2201 518 1503 516 1096 1444 2256 1385 514 2138 512 1092 858 1090 1902 1089 1611 392 1320 1552 1725 738 1086 1666 1607 272 1548 618 1430 269 1371 964 1253 1194 89 87 666 956 488 836 370 718 368 600 250 364 360 239 121 2 
3477 3419 3177 3243 3184 3233 3125 3066 3057 3007 2880 2927 3332 2983 3041 1944 2980 2005 3266 3439 3380 2509 2857 2915 3321 1946 2391 3203 1056 2506 3144 2911 3085 1237 2504 2794 1118 2735 2967 2270 1000 882 701 2731 764 2554 639 2495 638 2377 2142 459 2373 2314 457 2255 1326 2079 2137 337 857 1901 333 1783 737 213 1547 617 268 905 1427 1309 1250 30 1189 28 86 1071 953 894 835 717 540 481 422 359 238 3 120 
3476 3296 3359 3061 3418 3419 3122 3291 3243 3000 3232 3184 2999 3125 2998 3066 3007 2879 2868 1944 2005 3438 3379 2508 2856 3320 1946 2390 3202 2852 3084 2387 2445 2793 1237 2734 2966 1118 1000 584 2730 882 583 582 764 581 2553 585 645 2494 579 2376 400 2372 399 398 2254 2020 2136 278 856 1900 274 1782 736 1546 95 616 846 1426 1308 1188 27 1069 1010 951 832 714 123 476 4 417 358 
3475 3359 3002 3418 3290 3419 3122 3231 3243 3184 2997 3125 3066 3007 2878 1944 2005 3437 2797 3319 3201 1946 2386 1237 2964 1118 1000 2844 882 2611 2610 764 347 585 645 526 345 2607 343 2489 2430 341 2371 221 2019 2077 2135 220 219 1899 1781 1604 36 1543 787 1425 26 1068 1009 950 713 240 5 181 122 593 416 
3474 3359 3289 3418 3230 3419 3122 3003 3243 2996 3184 3125 3066 2819 3007 1944 2005 3436 2738 3318 3259 3200 1946 3081 2963 1237 1118 1000 2843 882 764 585 645 2606 526 285 284 2488 289 282 2312 2370 107 111 171 106 2018 2134 103 101 1898 40 1780 35 1542 728 1424 25 1067 949 6 829 710 592 
3413 3473 3412 3411 3406 3347 3359 3418 3419 3122 2995 3003 3243 3184 3125 2760 3066 3007 1944 3435 2005 3257 3198 1946 3078 3019 1237 2960 1118 2901 2842 1000 882 2723 2664 764 2605 585 645 526 2487 2311 2369 289 48 47 111 171 2133 44 2015 1721 1779 34 1541 1423 24 7 1066 890 945 827 533 591 
3412 3411 3413 3473 3406 3347 2995 3359 3418 2760 3419 3122 3003 3243 3184 3125 3066 3007 3435 1944 3257 3198 2005 3078 3019 2960 1946 2901 2842 1237 1118 2723 2664 1000 2605 882 2487 764 2311 2369 48 585 645 47 526 2133 44 289 2015 111 171 1721 1779 34 1070 1541 952 1423 893 834 716 24 67 480 8 
3411 3412 3406 3347 3413 3473 2995 2760 3359 3418 3419 3122 3003 3243 3184 3125 3066 3007 3435 3257 3198 1944 3078 2005 3019 2960 2901 2842 1946 2723 2664 2605 1237 2487 1118 2311 2369 1000 48 47 882 2133 764 44 585 645 2015 526 289 1721 1779 111 171 34 1541 1423 1068 833 1009 68 950 9 24 657 715 479 
3411 3406 3347 3412 2995 3413 3473 2760 3359 3418 3419 3122 3003 3243 3184 3125 3066 3007 3435 3257 3198 3078 3019 1944 2960 2901 2842 2005 2723 2664 2605 2487 1946 2311 2369 47 1237 1118 2133 44 1000 48 2015 882 764 585 645 1721 1779 526 289 34 1541 111 171 1423 247 129 1068 1009 10 950 24 832 598 656 714 478 
3406 3347 3411 2995 3412 2760 3413 3473 3359 3418 3419 3122 3003 3243 3184 3125 3066 3007 3435 3257 3198 3078 3019 2960 2901 2842 1944 2723 2664 2605 2005 2487 2311 2369 1946 2133 44 2015 47 1237 1118 1000 48 1721 1779 882 764 585 645 34 526 1541 1423 289 111 171 246 1068 11 1009 128 950 24 832 598 656 714 478 
3406 3347 2995 3411 2764 2705 3412 2528 3413 3473 1462 2172 1581 2054 1342 1219 3359 1222 3122 3003 3435 3257 3198 3078 3019 2960 2901 2842 2723 2664 2605 2487 2311 2369 964 2133 2015 726 1721 1779 370 429 1541 1423 309 12 1068 1009 950 832 69 598 656 714 478 
3406 3347 2995 3411 3412 2765 2647 3413 3473 2470 2411 1223 1343 2116 1344 3359 3435 1998 1101 1939 3122 3003 1821 3257 3198 1703 1644 1585 3078 1467 3019 2960 2901 2842 2723 2664 2605 2487 965 2311 2369 2133 2015 667 1721 1779 371 728 1541 1423 71 1068 250 1009 950 832 598 656 714 10 478 361 9 8 
3406 3347 2995 3411 3412 2765 2647 3413 2470 2411 3473 1165 2116 3359 1998 1939 3122 3003 1821 3257 3435 1100 1167 3198 1703 1644 984 1585 1228 3078 1467 3019 2960 2901 2842 2723 2664 2605 2487 966 2311 2369 2133 2015 1721 1779 372 608 728 1541 312 1423 130 251 1068 1009 950 187 832 598 656 714 478 
3406 3347 2995 3411 3412 2765 2647 3413 2470 2411 3473 2116 3257 3359 3435 3198 1998 1106 985 1939 3122 3003 1099 1821 3078 3019 1703 2960 1644 2901 1585 1108 1228 2842 1467 2723 2664 2605 2487 2311 2369 850 2133 848 2015 1721 1779 316 728 1541 256 1423 189 254 252 1068 1009 950 832 598 656 714 128 478 
3406 3347 2995 3411 3412 2765 2647 3413 2470 2411 3257 3435 3473 3198 986 2116 3359 3078 1105 1998 3019 1939 2960 3122 2901 3003 1821 2842 864 1703 1644 2723 1585 2664 1108 1228 860 2605 1467 2487 2311 2369 2133 856 2015 1721 1779 380 259 319 1541 248 1423 195 193 1067 949 713 477 
3347 3405 2995 2765 3411 2647 3412 2470 2411 3413 2116 3359 3435 3473 3254 1998 3434 1939 3122 3136 3003 868 1821 2959 1703 1644 2841 1585 805 1108 1228 1467 2722 801 2604 2486 2252 2368 2132 855 2014 381 1662 1720 1778 307 1540 141 1422 136 134 1066 890 948 712 418 476 
3346 3405 2995 2765 3411 2647 3412 2470 2411 3413 2116 3359 3473 1998 1939 3122 3003 1821 3435 3254 3434 1703 1644 3136 1585 1108 1228 1467 2959 811 2841 634 2722 2604 514 2486 512 2252 2368 392 2132 855 738 2014 272 1662 1720 1778 269 617 366 1540 541 89 1422 87 82 140 135 1066 890 948 75 597 712 
3346 3405 2995 2765 3411 2647 3412 2470 2411 3413 2116 3359 3473 1998 1939 3122 3003 1821 1703 1644 1585 1108 1228 3435 3254 1467 3434 811 3136 634 2959 2841 2722 2604 514 2486 512 2252 2368 392 2132 855 738 2014 272 1662 1720 1778 269 617 425 1540 89 1422 87 482 82 140 481 1066 76 890 948 75 597 712 
3346 2995 3405 2765 2647 2470 3411 2411 3412 2116 3413 1998 1939 3122 3003 1821 3359 3473 1703 1644 1585 1108 1228 3254 1467 811 3136 3435 634 2959 3434 2841 2722 2604 514 2486 512 2252 2368 839 392 2132 855 721 738 2014 1073 1014 272 955 1307 1662 1720 1778 484 269 617 1540 89 1422 87 82 140 76 75 
2995 3346 2765 3405 2647 2470 2411 3411 2116 1998 3412 1939 3122 3003 1821 3413 1703 1644 1585 1108 1228 3359 3473 1467 811 3136 3254 634 2959 2841 3435 3434 2722 2604 514 2486 512 2252 2368 392 2132 855 738 2014 838 272 720 485 1072 1662 1720 1778 269 617 1013 954 1306 1540 89 1422 87 82 140 76 75 
2995 2765 3346 2647 3405 2470 2411 3411 2116 1998 3412 1939 3122 3003 1821 3413 1703 1644 1585 3359 1108 1228 3473 1467 1099 3136 3254 2959 809 867 2841 3435 3434 2722 2604 2486 850 2252 2368 848 2132 2014 486 608 1662 1720 1778 429 661 1306 1188 1540 1070 1422 952 659 893 834 716 
2995 2765 2647 2470 3346 2411 3405 3411 2116 1998 3412 1939 3122 3003 1821 3413 1703 1644 1585 1108 1228 3359 3473 1467 3136 923 3254 2959 809 867 920 2841 919 3435 917 3434 2722 2604 2486 2252 2368 2132 789 2014 545 609 1662 1720 1778 1306 1188 370 602 1540 1070 1422 952 659 893 834 716 
2765 2995 2647 2470 2411 3411 3346 2116 1998 3412 3405 1939 3122 3003 1821 3413 1703 1644 1585 1228 3359 3473 1467 1108 3136 923 3254 2959 809 867 920 2841 919 3435 917 3434 2722 2604 2486 2252 2368 723 664 2132 789 2014 604 609 1662 1720 1778 1306 1188 1540 602 1070 1422 952 659 893 834 716 
2765 2647 2470 2411 2995 3411 2116 1998 3412 1939 3122 3346 3003 1821 3413 1703 3405 1644 1585 1228 3359 3473 1467 1108 3136 923 3254 2959 809 867 920 2841 919 3435 917 3434 2722 2604 2486 2252 2368 2132 664 663 789 2014 609 1662 1720 1778 1306 1188 602 1540 1070 1422 952 659 893 834 716 
2765 2647 2470 2411 2995 2116 1998 1939 3411 3122 3003 1821 3412 1703 1644 3346 1585 1228 3413 1467 3405 3359 3473 1108 3136 923 2959 809 867 920 2841 919 3254 917 2722 2604 3435 2486 3434 2252 2368 2132 722 789 2014 609 1662 1720 1778 779 1306 1188 1540 1070 777 1422 952 893 834 
2765 2647 2470 2411 2995 2116 1998 1939 3122 3003 1821 1703 3411 1644 1585 1228 1467 3412 3346 3413 3405 1108 3359 3473 923 2959 809 867 920 3136 2841 919 917 2722 2604 3254 2486 2252 2368 3435 3434 781 2132 789 2014 609 1662 1720 1778 779 1306 1188 1540 1070 777 1422 952 893 834 
2765 2995 2647 2470 2411 2116 1998 1939 3122 3003 1821 1703 3411 1644 3346 1585 1228 1467 3412 3405 1108 3413 3359 3473 923 2959 809 867 920 3136 2841 919 917 2722 2604 3254 2486 2252 2368 3435 840 3434 2132 789 2014 1662 1720 1778 1306 1188 895 1540 1070 1422 894 952 
2995 2765 2647 2470 2411 2116 1998 1939 3122 3346 3003 1821 1703 3405 3411 1644 1585 1108 1228 1467 3412 3413 3359 3473 923 2959 809 867 920 3136 2841 919 917 2722 2604 3254 2486 2252 2368 899 3435 3434 2132 789 2014 1662 1720 1778 1306 1188 895 1540 1070 1422 894 952 
2995 2765 2647 2470 2411 3346 2116 1998 3405 1939 3122 3003 1821 1703 3411 1644 1585 1108 1228 1467 3412 3413 923 3359 3473 2959 809 867 920 3136 2841 919 917 2722 2604 3254 2486 1429 1370 2252 2368 958 3435 1193 3434 2132 789 2014 1662 1720 1778 
2995 2765 2647 2470 3346 2411 3405 2116 1998 1939 3122 3003 1821 1703 3411 1644 1585 1108 1228 1467 3412 923 3413 2959 809 867 920 3136 2841 919 3359 3473 917 2722 2604 1077 3254 2486 1018 1429 959 1370 2252 2368 3435 1193 3434 2132 789 2014 1662 1720 1778 
3102 2982 3220 2995 2627 2506 2765 3346 2150 2647 3457 3405 2470 2030 2411 1971 2445 1912 1793 2116 1998 1939 3122 3003 1674 1821 1703 3411 1644 1585 923 1108 1228 1611 1467 3412 809 867 920 919 3413 1256 917 3359 3473 960 789 
3102 2982 3220 2627 2995 2506 3346 3457 2267 2208 2765 3405 2149 2445 2647 2029 2470 1970 2411 1911 1792 2116 1674 1998 1939 3122 3003 923 1821 1611 1703 3411 809 867 920 1644 919 1585 1108 1228 3412 917 1467 1255 3413 961 3359 3473 789 
962 1255 1611 1674 1792 1911 1970 2029 2149 2208 2267 2506 2627 3102 2982 3220 789 917 919 920 923 2445 809 867 1108 1228 3457 1467 1585 1644 1703 1821 1939 1998 2116 2411 2470 2647 2765 2995 3346 3405 3003 3122 3411 3412 3359 3413 3473 
1021 1255 1611 1674 1792 1911 1970 2029 2149 2208 2267 2506 2627 3102 2982 3220 789 917 919 920 923 2445 867 809 3457 1108 1228 1467 1585 1644 1703 1821 1939 1998 2116 2411 2470 2647 2765 2995 3346 3405 3003 3122 3411 3412 3359 3413 3473 
1080 1139 1198 1439 1795 1976 2094 2506 2627 3102 3220 2982 789 917 919 920 923 2445 867 3457 809 1108 1228 1467 1585 1644 1703 1821 1939 1998 2116 2411 2470 2647 2765 2995 3346 3405 3003 3122 3411 3412 3359 3413 3473 
1081 1140 1199 1439 1795 1976 2094 2506 2627 3102 3220 2982 789 917 919 920 923 2445 3457 867 809 1108 1228 1467 1585 1644 1703 1821 1939 1998 2116 2411 2470 2647 2765 2995 3346 3405 3003 3122 3411 3412 3359 3413 3473 
1082 1201 1439 1795 1976 2094 2506 2627 3102 3220 2982 1098 2445 3457 867 809 1108 1228 1467 1585 1644 1703 1821 1939 1998 2116 2411 2470 2647 2765 2995 3346 3405 3003 3122 3411 3412 3359 3413 3473 
1083 1201 1439 1795 1976 2094 2506 2627 3102 3220 2982 1098 2445 3457 867 809 1108 1228 1467 1585 1644 1703 1821 1939 1998 2116 2411 2470 2647 2765 2995 3346 3405 3003 3122 3411 3412 3359 3413 3473 
1084 1201 1439 1795 1976 2094 2506 2627 3102 3220 2982 1098 2445 3457 867 809 1108 1228 1467 1585 1644 1703 1821 1939 1998 2116 2411 2470 2647 2765 3346 2995 3405 3411 3003 3122 3412 3359 3413 3473 
1143 1201 1439 1795 1976 2094 2506 2627 3102 3220 2982 1098 2445 3457 867 809 1108 1228 3346 1467 1585 1644 1703 1821 1939 1998 2116 2411 2470 2647 2765 3405 2995 3411 3412 3003 3122 3359 3413 3473 
1202 1439 1795 1976 2094 2506 2627 3102 3220 2982 1098 2445 3457 867 809 1108 1228 3346 1467 1585 1644 1703 1821 1939 1998 2116 2411 2470 2647 2765 3405 2995 3411 3412 3003 3122 3359 3413 3473 
1203 1439 1795 1976 2094 2506 2627 3102 3220 2982 1098 2445 3457 867 809 1108 1228 3346 1467 1585 1644 1703 1821 1939 1998 2116 2411 2470 2647 2765 3405 2995 3411 3412 3003 3122 3359 3413 3473 
1204 1795 1976 2094 1088 2506 2627 3102 3220 2982 3457 1098 2445 867 809 1108 1228 3346 3405 1467 1585 1644 1703 1821 1939 1998 2116 2411 2470 2647 2765 2995 3411 3412 3413 3003 3122 3359 3473 
1205 1795 1976 2094 1088 2506 2627 3102 3220 3457 2982 1098 2445 867 809 1108 1228 3346 3405 1467 1585 1644 1703 1821 1939 1998 2116 2411 2470 2647 2765 2995 3411 3412 3413 3473 3003 3122 3359 
3457 3220 3102 2161 2982 2041 2627 1922 3405 3346 2463 2506 2094 2404 1976 2642 2445 1795 2995 1621 3411 1206 3412 3413 3473 3359 3122 3003 
1265 1795 1863 1867 1976 2094 1928 2164 1621 2506 2627 3102 3220 3457 2982 2445 2404 2463 2642 3346 3405 2995 3411 3412 3413 3473 3003 3122 3359 
3457 3220 3102 2982 2627 1863 2164 2506 1867 2094 1976 1928 3405 3346 2445 2463 1795 2404 2642 1621 1324 2995 3411 3412 3413 3473 3359 3122 3003 
3457 3220 3102 2982 2627 2506 1804 2164 1867 2150 2445 1928 2030 3405 1971 1912 3346 1794 2463 2404 1621 1383 2642 2995 3411 3412 3413 3473 3359 3122 3003 
3457 3220 3102 2982 2627 2506 1804 2150 2445 2164 1867 2030 1971 1912 1928 1794 1442 1621 3405 3346 2463 2404 2642 2995 3411 3412 3413 3473 3359 3122 3003 
3457 3220 3102 2982 2627 2506 1745 2267 2208 2445 2149 1806 2029 2164 1501 1970 1867 1621 1911 1735 1793 1928 3405 3346 2463 2404 2642 2995 3411 3412 3413 3473 3359 3122 3003 
3456 3102 3219 2982 2627 2506 1745 2267 2208 2445 2149 1806 1560 2029 2164 1867 1970 1621 1911 1735 1793 1928 3405 3346 2463 2404 2642 2995 3411 3412 3413 3473 3359 3122 3003 
3102 3219 3456 2982 2627 2506 1745 2267 2208 2445 2149 1806 1619 2029 2164 1867 1970 1621 1911 1735 1793 1928 3346 2463 2404 3405 2642 2995 3411 3412 3413 3359 3473 3122 3003 
3102 3219 2982 3456 2627 2506 1745 2267 2208 2445 2149 1806 1678 2029 2164 1867 1970 1621 1911 1735 1793 1928 2463 2404 3346 2642 3405 2995 3411 3412 3413 3122 3003 3359 3473 
3102 3219 2982 2627 3456 2506 1745 2267 2208 2445 2149 1737 1806 2029 2164 1867 1970 1621 1911 1735 1793 1928 2463 2404 2642 3346 3405 2995 3411 3412 3122 3003 3413 3359 3473 
3219 3102 2982 2627 2506 3456 2093 1975 2445 1796 1745 1621 1806 2164 1867 1928 2463 2404 2642 3346 3405 2995 3411 3412 3122 3003 3413 3359 3473 
3219 2982 3102 2859 2800 2741 2682 2564 3456 2151 1797 2092 2445 2033 1916 1974 1745 1562 1806 2164 1867 1928 2463 2404 2642 3346 3405 2995 3411 3412 3122 3003 3413 3359 3473 
3158 3218 3099 3101 3102 2981 2859 2800 2741 2682 2564 1798 2445 3456 1739 2150 2032 1915 1680 1745 1806 2164 1867 1928 2463 2404 2642 3346 2995 3405 3411 3122 3003 3412 3413 3359 3473 
3158 3099 2981 3218 3101 2859 3102 2800 2741 2682 2564 1858 1799 2445 1740 2150 2032 1681 1915 3456 1745 1806 2164 1867 1928 2463 2404 2642 3346 2995 3405 3411 3122 3003 3412 3413 3359 3473 
3158 3099 2981 3218 2858 3101 3102 2740 2681 1800 2563 2445 1799 2267 2208 2149 2031 1914 3456 1745 1806 2164 1867 1928 2463 2404 2642 3346 2995 3405 3411 3122 3003 3412 3413 3359 3473 
3097 3096 3157 3035 3099 2980 2740 2627 2681 2857 2563 2445 1859 2267 2208 2276 2149 2031 1914 
3096 3156 3035 3157 2740 2681 2857 3099 2563 2980 2445 2627 1918 2267 2208 2149 2031 1914 2276 
3035 3095 3155 3156 2740 2681 2857 3157 2563 2445 3099 2980 2033 2267 2034 2208 2627 2149 1977 2276 
2032 2036 2149 2208 2267 2445 2563 2681 2740 3153 1974 1975 2857 3154 3155 2276 2627 3156 3157 2980 3099 
2095 2445 2563 2681 2740 2857 3153 3154 2276 2627 3155 3156 2980 3099 3157 
2154 2445 2563 2681 2740 2857 3153 2276 2627 3154 3155 2980 3156 3099 3157 
2445 2563 2681 2740 2155 2215 2274 2857 2627 3153 3154 2980 3155 3156 3099 3157 
2445 2563 2681 2740 2214 2274 2857 2627 3153 3154 2980 3155 3156 3099 3157 
2445 2563 2681 2740 2273 2857 2627 3153 3154 2980 3155 3156 3099 3157 
2445 2563 2681 2740 2857 2272 2627 3153 3154 2980 3155 3156 3099 3157 
2857 2740 2681 2563 2445 2271 2627 3153 3154 2980 3155 3156 3099 3157 
2740 2856 2681 2563 2445 2270 2627 3153 3154 2980 3155 3156 3099 3157 
2619 2797 2915 2329 2627 3153 3154 2980 3155 3156 3099 3157 
2388 2504 2560 2618 2738 2915 2627 3153 3154 2980 3155 3156 3099 3157 
2447 2504 2915 2560 2618 2738 2627 3153 3154 2980 3155 3156 3099 3157 
2915 2504 2506 2560 2618 2738 2627 3153 3154 2980 3155 3156 3099 3157 
2915 2738 2622 2743 2684 3153 2862 2565 2625 3154 2980 3155 3156 3099 3157 
2974 2738 2622 2743 2624 2684 3153 2862 3154 2980 3155 3156 3099 3157 
2973 3033 2738 2681 2682 2683 2743 3153 2862 3154 2980 3155 3156 3099 3157 
2972 3033 2738 2741 2742 2862 3153 3154 2980 3155 3156 3099 3157 
2913 2800 2738 2801 3031 3033 2862 3153 3154 2980 3155 3156 3099 3157 
2738 2854 2741 2801 2860 3031 3033 3153 3154 2980 3155 3156 3099 3157 
2795 2859 3031 3033 3153 3154 2980 3155 3156 3099 3157 
2794 2858 2736 3031 3033 
2735 2793 2736 2857 3031 3033 
2736 2856 2734 2793 3031 3033 
2736 2915 3031 3033 2734 2793 
2736 2734 3031 2793 2974 
2677 2734 2973 3031 2793 
2618 2734 2793 2972 
2617 2734 2793 2559 2619 2913 
2616 2734 2793 2559 2619 2854 
2615 2735 2559 2619 2795 
2556 2614 2559 2619 2736 
2555 2614 2559 2497 2619 2677 
2554 2614 2496 2497 2618 
2495 2553 2496 2497 2614 2617 
2494 2553 2496 2497 2614 2616 
2493 2553 2496 2497 2435 2614 2615 
2492 2553 2496 2435 2556 2614 
2491 2553 2435 2496 2555 
2490 2550 2435 2553 2496 2554 
2489 2431 2549 2550 2435 2495 2553 
2488 2430 2431 2549 2550 2494 
2487 2430 2431 2549 2550 2493 
2486 2430 2431 2549 2492 2550 
2485 2430 2431 2491 2549 
2484 2426 2430 2490 
2543 2426 2489 
2602 2426 2488 
2487 2603 2426 2661 
2486 2604 2426 2661 
2605 2485 2661 
2606 2664 2661 2484 
2607 2665 2664 2543 2661 
2608 2665 2664 2602 
2549 2667 2665 2664 2603 
2490 2550 2667 2665 2604 2664 
2491 2550 2431 2489 2667 2605 2665 
2492 2550 2431 2489 2667 2606 
2493 2550 2431 2489 2607 2667 
2494 2431 2550 2489 2608 
2435 2431 2495 2553 2550 2489 2549 
2376 2495 2553 2490 2550 
2377 2495 2553 2491 
2378 2495 2553 2492 
2319 2495 2379 2437 2493 2553 
2260 2379 2437 2494 
2201 2261 2379 2437 2435 
2142 2202 2261 2376 2379 2437 
2202 2261 2379 2142 2377 2437 
2202 2261 2142 2378 
2203 2142 2261 2319 
2144 2142 2262 2261 2260 
2085 2201 2261 2145 2262 
2026 2084 2202 2145 2262 
2025 2084 2027 2145 2203 
2024 2084 1966 2027 2144 
2023 1966 2084 2027 2085 
2022 1966 2026 2084 
1963 2081 2025 
1904 2081 2024 
1903 1845 1905 2023 2081 
1902 1844 1845 1905 2022 
1901 1844 1845 1905 1963 
1900 1844 1904 
1899 1841 1903 
1898 1841 1902 
1839 1841 1957 1901 
1780 1957 1900 
1779 1721 1781 1899 1957 
1778 1898 1720 1721 1781 
1837 1839 1720 1721 1781 
1896 1720 1780 
1895 1779 
1894 1954 1778 
1893 1835 1954 1837 
1892 1954 1835 1896 
1951 1835 1895 
2010 1894 
2011 1893 2069 
2012 2070 2069 1892 
2013 1951 2071 2070 2069 
1954 2010 2014 2070 2071 
2014 1954 2011 2071 
2014 1954 2012 
2015 2013 2073 
2016 2014 
1957 2015 

