3480 3421 3362 3303 3244 3185 3126 3067 3008 2949 2890 2889 2888 2829 2770 2711 2652 2651 2650 2591 2532 2531 2530 2471 2412 2411 2410 2351 2292 2233 2174 2115 2056 1997 1938 1879 1820 1761 1702 1643 1584 1583 1582 1581 1522 1463 1404 1403 1344 1343 1284 1225 1224 1165 1106 1105 1104 1045 986 927 868 809 750 691 632 631 630 629 628 569 510 509 508 507 506 447 388 387 386 385 384 325 266 207 206 205 204 203 144 143 142 141 82 81 22 21 20 19 18 17 16 15 14 13 12 11 10 9 8 7 6 5 4 3 2 1 0 
3479 3480 3421 3362 3303 3244 3185 3126 3067 3008 2949 2890 2889 2888 2829 2770 2711 2652 2651 2650 2591 2532 2531 2530 2471 2412 2411 2410 2351 2292 2233 2174 2115 2056 1997 1938 1879 1820 1761 1702 1643 1584 1583 1582 1581 1522 1463 1404 1403 1344 1343 1284 1225 1224 1165 1106 1105 1104 1045 986 927 868 809 750 691 632 631 630 629 628 569 510 509 508 507 506 447 388 387 386 385 384 325 266 207 206 205 204 203 144 143 142 141 82 81 22 21 20 19 18 17 16 15 14 13 12 11 10 9 8 7 6 5 4 3 2 1 
3478 3479 3480 3421 3362 3303 3244 3185 3126 3067 3008 2949 2890 2889 2888 2829 2770 2711 2652 2651 2650 2591 2532 2531 2530 2471 2412 2411 2410 2351 2292 2233 2174 2115 2056 1997 1938 1879 1820 1761 1702 1643 1584 1583 1582 1581 1522 1463 1404 1403 1344 1343 1284 1225 1224 1165 1106 1105 1104 1045 986 927 868 809 750 691 632 631 630 629 628 569 510 509 508 507 506 447 388 387 386 385 384 325 266 207 206 205 204 203 144 143 142 141 82 81 22 21 20 19 18 17 16 15 14 13 12 11 10 9 8 7 6 5 4 3 2 
3477 3478 3479 3480 3421 3362 3303 3244 3185 3126 3067 3008 2949 2890 2889 2888 2829 2770 2711 2652 2651 2650 2591 2532 2531 2530 2471 2412 2411 2410 2351 2292 2233 2174 2115 2056 1997 1938 1879 1820 1761 1702 1643 1584 1583 1582 1581 1522 1463 1404 1403 1344 1343 1284 1225 1224 1165 1106 1105 1104 1045 986 927 868 809 750 691 632 631 630 629 628 569 510 509 508 507 506 447 388 387 386 385 384 325 266 207 206 205 204 203 144 143 142 141 82 81 22 21 20 19 18 17 16 15 14 13 12 11 10 9 8 7 6 5 4 3 
3476 3477 3478 3479 3480 3421 3362 3303 3244 3185 3126 3067 3008 2949 2890 2889 2888 2829 2770 2711 2652 2651 2650 2591 2532 2531 2530 2471 2412 2411 2410 2351 2292 2233 2174 2115 2056 1997 1938 1879 1820 1761 1702 1643 1584 1583 1582 1581 1522 1463 1404 1403 1344 1343 1284 1225 1224 1165 1106 1105 1104 1045 986 927 868 809 750 691 632 631 630 629 628 569 510 509 508 507 506 447 388 387 386 385 384 325 266 207 206 205 204 203 144 143 142 141 82 81 22 21 20 19 18 17 16 15 14 13 12 11 10 9 8 7 6 5 4 
3475 3476 3477 3478 3479 3480 3421 3362 3303 3244 3185 3126 3067 3008 2949 2890 2889 2888 2829 2770 2711 2652 2651 2650 2591 2532 2531 2530 2471 2412 2411 2410 2351 2292 2233 2174 2115 2056 1997 1938 1879 1820 1761 1702 1643 1584 1583 1582 1581 1522 1463 1404 1403 1344 1343 1284 1225 1224 1165 1106 1105 1104 1045 986 927 868 809 750 691 632 631 630 629 628 569 510 509 508 507 506 447 388 387 386 385 384 325 266 207 206 205 204 203 144 143 142 141 82 81 22 21 20 19 18 17 16 15 14 13 12 11 10 9 8 7 6 5 
3474 3475 3476 3477 3478 3479 3480 3421 3362 3303 3244 3185 3126 3067 3008 2949 2890 2889 2888 2829 2770 2711 2652 2651 2650 2591 2532 2531 2530 2471 2412 2411 2410 2351 2292 2233 2174 2115 2056 1997 1938 1879 1820 1761 1702 1643 1584 1583 1582 1581 1522 1463 1404 1403 1344 1343 1284 1225 1224 1165 1106 1105 1104 1045 986 927 868 809 750 691 632 631 630 629 628 569 510 509 508 507 506 447 388 387 386 385 384 325 266 207 206 205 204 203 144 143 142 141 82 81 22 21 20 19 18 17 16 15 14 13 12 11 10 9 8 7 6 
3473 3472 3471 3470 3469 3468 3467 3466 3407 3348 3289 3290 3291 3292 3233 3234 3175 3116 3115 3114 3113 3112 3111 3110 3169 3228 3227 3226 3225 3166 3107 3106 3047 2988 2929 2870 2811 2752 2751 2750 2691 2632 2631 2572 2513 2512 2453 2394 2335 2276 2217 2158 2099 2040 2039 1980 1921 1920 1861 1860 1859 1800 1799 1798 1797 1796 1737 1678 1619 1560 1501 1442 1383 1324 1265 1206 1205 1204 1203 1202 1143 1084 1083 1082 1081 1080 1021 962 961 960 959 958 899 840 781 722 663 604 545 486 485 484 425 366 307 248 189 130 71 12 11 10 9 8 7 
3472 3471 3470 3469 3468 3467 3466 3407 3348 3289 3290 3291 3292 3233 3234 3175 3116 3115 3114 3113 3112 3111 3110 3169 3228 3227 3226 3225 3166 3107 3106 3047 2988 2929 2870 2811 2752 2751 2750 2691 2632 2631 2572 2513 2512 2453 2394 2335 2276 2217 2158 2099 2040 2039 1980 1921 1920 1861 1860 1859 1800 1799 1798 1797 1796 1737 1678 1619 1560 1501 1442 1383 1324 1265 1206 1205 1204 1203 1202 1143 1084 1083 1082 1081 1080 1021 962 961 960 959 958 899 840 781 722 663 604 545 486 485 484 425 366 307 248 189 130 71 12 11 10 9 8 
3471 3470 3469 3468 3467 3466 3407 3348 3289 3290 3291 3292 3233 3234 3175 3116 3115 3114 3113 3112 3111 3110 3169 3228 3227 3226 3225 3166 3107 3106 3047 2988 2929 2870 2811 2752 2751 2750 2691 2632 2631 2572 2513 2512 2453 2394 2335 2276 2217 2158 2099 2040 2039 1980 1921 1920 1861 1860 1859 1800 1799 1798 1797 1796 1737 1678 1619 1560 1501 1442 1383 1324 1265 1206 1205 1204 1203 1202 1143 1084 1083 1082 1081 1080 1021 962 961 960 959 958 899 840 781 722 663 604 545 486 485 484 425 366 307 248 189 130 71 12 11 10 9 
3470 3469 3468 3467 3466 3407 3348 3289 3290 3291 3292 3233 3234 3175 3116 3115 3114 3113 3112 3111 3110 3169 3228 3227 3226 3225 3166 3107 3106 3047 2988 2929 2870 2811 2752 2751 2750 2691 2632 2631 2572 2513 2512 2453 2394 2335 2276 2217 2158 2099 2040 2039 1980 1921 1920 1861 1860 1859 1800 1799 1798 1797 1796 1737 1678 1619 1560 1501 1442 1383 1324 1265 1206 1205 1204 1203 1202 1143 1084 1083 1082 1081 1080 1021 962 961 960 959 958 899 840 781 722 663 604 545 486 485 484 425 366 307 248 189 130 71 12 11 10 
3469 3468 3467 3466 3407 3348 3289 3290 3291 3292 3233 3234 3175 3116 3115 3114 3113 3112 3111 3110 3169 3228 3227 3226 3225 3166 3107 3106 3047 2988 2929 2870 2811 2752 2751 2750 2691 2632 2631 2572 2513 2512 2453 2394 2335 2276 2217 2158 2099 2040 2039 1980 1921 1920 1861 1860 1859 1800 1799 1798 1797 1796 1737 1678 1619 1560 1501 1442 1383 1324 1265 1206 1205 1204 1203 1202 1143 1084 1083 1082 1081 1080 1021 962 961 960 959 958 899 840 781 722 663 604 545 486 485 484 425 366 307 248 189 130 71 12 11 
3468 3467 3466 3407 3348 3289 3290 3291 3292 3233 3234 3175 3116 3115 3114 3113 3112 3111 3110 3169 3228 3227 3226 3225 3166 3107 3106 3047 2988 2929 2870 2811 2752 2751 2750 2691 2632 2631 2572 2513 2512 2453 2394 2335 2276 2217 2158 2099 2040 2039 1980 1921 1920 1861 1860 1859 1800 1799 1798 1797 1796 1737 1678 1619 1560 1501 1442 1383 1324 1265 1206 1205 1204 1203 1202 1143 1084 1083 1082 1081 1080 1021 962 961 960 959 958 899 840 781 722 663 604 545 486 485 484 425 366 307 248 189 130 71 12 
3467 3466 3407 3348 3289 3290 3291 3292 3233 3234 3175 3116 3115 3114 3113 3112 3111 3110 3169 3228 3227 3226 3225 3166 3107 3106 3047 2988 2929 2870 2811 2752 2751 2750 2691 2632 2631 2572 2513 2512 2453 2394 2335 2276 2217 2158 2099 2040 2039 1980 1921 1920 1861 1860 1859 1800 1799 1798 1797 1796 1737 1678 1619 1560 1501 1442 1383 1324 1265 1206 1205 1204 1203 1202 1143 1084 1083 1082 1081 1080 1021 962 961 960 959 958 899 840 781 722 663 604 545 486 485 484 425 366 307 248 189 130 71 
3466 3407 3348 3289 3290 3291 3292 3233 3234 3175 3116 3115 3114 3113 3112 3111 3110 3169 3228 3227 3226 3225 3166 3107 3106 3047 2988 2929 2870 2811 2752 2751 2750 2691 2632 2631 2572 2513 2512 2453 2394 2335 2276 2217 2158 2099 2040 2039 1980 1921 1920 1861 1860 1859 1800 1799 1798 1797 1796 1737 1678 1619 1560 1501 1442 1383 1324 1265 1206 1205 1204 1203 1202 1143 1084 1083 1082 1081 1080 1021 962 961 960 959 958 899 840 781 722 663 604 545 486 485 484 425 366 307 248 189 130 
3407 3348 3289 3290 3291 3292 3233 3234 3175 3116 3115 3114 3113 3112 3111 3110 3169 3228 3227 3226 3225 3166 3107 3106 3047 2988 2929 2870 2811 2752 2751 2750 2691 2632 2631 2572 2513 2512 2453 2394 2335 2276 2217 2158 2099 2040 2039 1980 1921 1920 1861 1860 1859 1800 1799 1798 1797 1796 1737 1678 1619 1560 1501 1442 1383 1324 1265 1206 1205 1204 1203 1202 1143 1084 1083 1082 1081 1080 1021 962 961 960 959 958 899 840 781 722 663 604 545 486 485 484 425 366 307 248 189 
3406 3407 3348 3289 3290 3291 3292 3233 3234 3175 3116 3115 3114 3113 3112 3111 3110 3169 3228 3227 3226 3225 3166 3107 3106 3047 2988 2929 2870 2811 2752 2751 2750 2691 2632 2631 2572 2513 2512 2453 2394 2335 2276 2217 2158 2099 2040 2039 1980 1921 1920 1861 1860 1859 1800 1799 1798 1797 1796 1737 1678 1619 1560 1501 1442 1383 1324 1265 1206 1205 1204 1203 1202 1143 1084 1083 1082 1081 1080 1021 962 961 960 959 958 899 840 781 722 663 604 545 486 485 484 425 366 307 248 
3405 3406 3407 3348 3289 3290 3291 3292 3233 3234 3175 3116 3115 3114 3113 3112 3111 3110 3169 3228 3227 3226 3225 3166 3107 3106 3047 2988 2929 2870 2811 2752 2751 2750 2691 2632 2631 2572 2513 2512 2453 2394 2335 2276 2217 2158 2099 2040 2039 1980 1921 1920 1861 1860 1859 1800 1799 1798 1797 1796 1737 1678 1619 1560 1501 1442 1383 1324 1265 1206 1205 1204 1203 1202 1143 1084 1083 1082 1081 1080 1021 962 961 960 959 958 899 840 781 722 663 604 545 486 485 484 425 366 307 
3346 3347 3348 3289 3290 3291 3292 3233 3234 3175 3116 3115 3114 3113 3112 3111 3110 3169 3228 3227 3226 3225 3166 3107 3106 3047 2988 2929 2870 2811 2752 2751 2750 2691 2632 2631 2572 2513 2512 2453 2394 2335 2276 2217 2158 2099 2040 2039 1980 1921 1920 1861 1860 1859 1800 1799 1798 1797 1796 1737 1678 1619 1560 1501 1442 1383 1324 1265 1206 1205 1204 1203 1202 1143 1084 1083 1082 1081 1080 1021 962 961 960 959 958 899 840 781 722 663 604 545 486 485 484 425 366 
3347 3348 3289 3290 3291 3292 3233 3234 3175 3116 3115 3114 3113 3112 3111 3110 3169 3228 3227 3226 3225 3166 3107 3106 3047 2988 2929 2870 2811 2752 2751 2750 2691 2632 2631 2572 2513 2512 2453 2394 2335 2276 2217 2158 2099 2040 2039 1980 1921 1920 1861 1860 1859 1800 1799 1798 1797 1796 1737 1678 1619 1560 1501 1442 1383 1324 1265 1206 1205 1204 1203 1202 1143 1084 1083 1082 1081 1080 1021 962 961 960 959 958 899 840 781 722 663 604 545 486 485 484 425 
3348 3289 3290 3291 3292 3233 3234 3175 3116 3115 3114 3113 3112 3111 3110 3169 3228 3227 3226 3225 3166 3107 3106 3047 2988 2929 2870 2811 2752 2751 2750 2691 2632 2631 2572 2513 2512 2453 2394 2335 2276 2217 2158 2099 2040 2039 1980 1921 1920 1861 1860 1859 1800 1799 1798 1797 1796 1737 1678 1619 1560 1501 1442 1383 1324 1265 1206 1205 1204 1203 1202 1143 1084 1083 1082 1081 1080 1021 962 961 960 959 958 899 840 781 722 663 604 545 486 485 484 
3289 3290 3291 3292 3233 3234 3175 3116 3115 3114 3113 3112 3111 3110 3169 3228 3227 3226 3225 3166 3107 3106 3047 2988 2929 2870 2811 2752 2751 2750 2691 2632 2631 2572 2513 2512 2453 2394 2335 2276 2217 2158 2099 2040 2039 1980 1921 1920 1861 1860 1859 1800 1799 1798 1797 1796 1737 1678 1619 1560 1501 1442 1383 1324 1265 1206 1205 1204 1203 1202 1143 1084 1083 1082 1081 1080 1021 962 961 960 959 958 899 840 781 722 663 604 545 486 485 
3230 3231 3232 3233 3234 3175 3116 3115 3114 3113 3112 3111 3110 3169 3228 3227 3226 3225 3166 3107 3106 3047 2988 2929 2870 2811 2752 2751 2750 2691 2632 2631 2572 2513 2512 2453 2394 2335 2276 2217 2158 2099 2040 2039 1980 1921 1920 1861 1860 1859 1800 1799 1798 1797 1796 1737 1678 1619 1560 1501 1442 1383 1324 1265 1206 1205 1204 1203 1202 1143 1084 1083 1082 1081 1080 1021 962 961 960 959 958 899 840 781 722 663 604 545 486 
3231 3232 3233 3234 3175 3116 3115 3114 3113 3112 3111 3110 3169 3228 3227 3226 3225 3166 3107 3106 3047 2988 2929 2870 2811 2752 2751 2750 2691 2632 2631 2572 2513 2512 2453 2394 2335 2276 2217 2158 2099 2040 2039 1980 1921 1920 1861 1860 1859 1800 1799 1798 1797 1796 1737 1678 1619 1560 1501 1442 1383 1324 1265 1206 1205 1204 1203 1202 1143 1084 1083 1082 1081 1080 1021 962 961 960 959 958 899 840 781 722 663 604 545 
3232 3233 3234 3175 3116 3115 3114 3113 3112 3111 3110 3169 3228 3227 3226 3225 3166 3107 3106 3047 2988 2929 2870 2811 2752 2751 2750 2691 2632 2631 2572 2513 2512 2453 2394 2335 2276 2217 2158 2099 2040 2039 1980 1921 1920 1861 1860 1859 1800 1799 1798 1797 1796 1737 1678 1619 1560 1501 1442 1383 1324 1265 1206 1205 1204 1203 1202 1143 1084 1083 1082 1081 1080 1021 962 961 960 959 958 899 840 781 722 663 604 
3233 3234 3175 3116 3115 3114 3113 3112 3111 3110 3169 3228 3227 3226 3225 3166 3107 3106 3047 2988 2929 2870 2811 2752 2751 2750 2691 2632 2631 2572 2513 2512 2453 2394 2335 2276 2217 2158 2099 2040 2039 1980 1921 1920 1861 1860 1859 1800 1799 1798 1797 1796 1737 1678 1619 1560 1501 1442 1383 1324 1265 1206 1205 1204 1203 1202 1143 1084 1083 1082 1081 1080 1021 962 961 960 959 958 899 840 781 722 663 
3234 3175 3116 3115 3114 3113 3112 3111 3110 3169 3228 3227 3226 3225 3166 3107 3106 3047 2988 2929 2870 2811 2752 2751 2750 2691 2632 2631 2572 2513 2512 2453 2394 2335 2276 2217 2158 2099 2040 2039 1980 1921 1920 1861 1860 1859 1800 1799 1798 1797 1796 1737 1678 1619 1560 1501 1442 1383 1324 1265 1206 1205 1204 1203 1202 1143 1084 1083 1082 1081 1080 1021 962 961 960 959 958 899 840 781 722 
3175 3116 3115 3114 3113 3112 3111 3110 3169 3228 3227 3226 3225 3166 3107 3106 3047 2988 2929 2870 2811 2752 2751 2750 2691 2632 2631 2572 2513 2512 2453 2394 2335 2276 2217 2158 2099 2040 2039 1980 1921 1920 1861 1860 1859 1800 1799 1798 1797 1796 1737 1678 1619 1560 1501 1442 1383 1324 1265 1206 1205 1204 1203 1202 1143 1084 1083 1082 1081 1080 1021 962 961 960 959 958 899 840 781 
3116 3115 3114 3113 3112 3111 3110 3169 3228 3227 3226 3225 3166 3107 3106 3047 2988 2929 2870 2811 2752 2751 2750 2691 2632 2631 2572 2513 2512 2453 2394 2335 2276 2217 2158 2099 2040 2039 1980 1921 1920 1861 1860 1859 1800 1799 1798 1797 1796 1737 1678 1619 1560 1501 1442 1383 1324 1265 1206 1205 1204 1203 1202 1143 1084 1083 1082 1081 1080 1021 962 961 960 959 958 899 840 
3115 3114 3113 3112 3111 3110 3169 3228 3227 3226 3225 3166 3107 3106 3047 2988 2929 2870 2811 2752 2751 2750 2691 2632 2631 2572 2513 2512 2453 2394 2335 2276 2217 2158 2099 2040 2039 1980 1921 1920 1861 1860 1859 1800 1799 1798 1797 1796 1737 1678 1619 1560 1501 1442 1383 1324 1265 1206 1205 1204 1203 1202 1143 1084 1083 1082 1081 1080 1021 962 961 960 959 958 899 
3114 3113 3112 3111 3110 3169 3228 3227 3226 3225 3166 3107 3106 3047 2988 2929 2870 2811 2752 2751 2750 2691 2632 2631 2572 2513 2512 2453 2394 2335 2276 2217 2158 2099 2040 2039 1980 1921 1920 1861 1860 1859 1800 1799 1798 1797 1796 1737 1678 1619 1560 1501 1442 1383 1324 1265 1206 1205 1204 1203 1202 1143 1084 1083 1082 1081 1080 1021 962 961 960 959 958 
3113 3112 3111 3110 3169 3228 3227 3226 3225 3166 3107 3106 3047 2988 2929 2870 2811 2752 2751 2750 2691 2632 2631 2572 2513 2512 2453 2394 2335 2276 2217 2158 2099 2040 2039 1980 1921 1920 1861 1860 1859 1800 1799 1798 1797 1796 1737 1678 1619 1560 1501 1442 1383 1324 1265 1206 1205 1204 1203 1202 1143 1084 1083 1082 1081 1080 1021 962 961 960 959 
3112 3111 3110 3169 3228 3227 3226 3225 3166 3107 3106 3047 2988 2929 2870 2811 2752 2751 2750 2691 2632 2631 2572 2513 2512 2453 2394 2335 2276 2217 2158 2099 2040 2039 1980 1921 1920 1861 1860 1859 1800 1799 1798 1797 1796 1737 1678 1619 1560 1501 1442 1383 1324 1265 1206 1205 1204 1203 1202 1143 1084 1083 1082 1081 1080 1021 962 961 960 
3111 3110 3169 3228 3227 3226 3225 3166 3107 3106 3047 2988 2929 2870 2811 2752 2751 2750 2691 2632 2631 2572 2513 2512 2453 2394 2335 2276 2217 2158 2099 2040 2039 1980 1921 1920 1861 1860 1859 1800 1799 1798 1797 1796 1737 1678 1619 1560 1501 1442 1383 1324 1265 1206 1205 1204 1203 1202 1143 1084 1083 1082 1081 1080 1021 962 961 
3110 3169 3228 3227 3226 3225 3166 3107 3106 3047 2988 2929 2870 2811 2752 2751 2750 2691 2632 2631 2572 2513 2512 2453 2394 2335 2276 2217 2158 2099 2040 2039 1980 1921 1920 1861 1860 1859 1800 1799 1798 1797 1796 1737 1678 1619 1560 1501 1442 1383 1324 1265 1206 1205 1204 1203 1202 1143 1084 1083 1082 1081 1080 1021 962 
3169 3228 3227 3226 3225 3166 3107 3106 3047 2988 2929 2870 2811 2752 2751 2750 2691 2632 2631 2572 2513 2512 2453 2394 2335 2276 2217 2158 2099 2040 2039 1980 1921 1920 1861 1860 1859 1800 1799 1798 1797 1796 1737 1678 1619 1560 1501 1442 1383 1324 1265 1206 1205 1204 1203 1202 1143 1084 1083 1082 1081 1080 1021 
3168 3227 3226 3225 3166 3107 3106 3047 2988 2929 2870 2811 2752 2751 2750 2691 2632 2631 2572 2513 2512 2453 2394 2335 2276 2217 2158 2099 2040 2039 1980 1921 1920 1861 1860 1859 1800 1799 1798 1797 1796 1737 1678 1619 1560 1501 1442 1383 1324 1265 1206 1205 1204 1203 1202 1143 1084 1083 1082 1081 1080 
3227 3226 3225 3166 3107 3106 3047 2988 2929 2870 2811 2752 2751 2750 2691 2632 2631 2572 2513 2512 2453 2394 2335 2276 2217 2158 2099 2040 2039 1980 1921 1920 1861 1860 1859 1800 1799 1798 1797 1796 1737 1678 1619 1560 1501 1442 1383 1324 1265 1206 1205 1204 1203 1202 1143 1084 1083 1082 1081 
3226 3225 3166 3107 3106 3047 2988 2929 2870 2811 2752 2751 2750 2691 2632 2631 2572 2513 2512 2453 2394 2335 2276 2217 2158 2099 2040 2039 1980 1921 1920 1861 1860 1859 1800 1799 1798 1797 1796 1737 1678 1619 1560 1501 1442 1383 1324 1265 1206 1205 1204 1203 1202 1143 1084 1083 1082 
3225 3166 3107 3106 3047 2988 2929 2870 2811 2752 2751 2750 2691 2632 2631 2572 2513 2512 2453 2394 2335 2276 2217 2158 2099 2040 2039 1980 1921 1920 1861 1860 1859 1800 1799 1798 1797 1796 1737 1678 1619 1560 1501 1442 1383 1324 1265 1206 1205 1204 1203 1202 1143 1084 1083 
3224 3225 3166 3107 3106 3047 2988 2929 2870 2811 2752 2751 2750 2691 2632 2631 2572 2513 2512 2453 2394 2335 2276 2217 2158 2099 2040 2039 1980 1921 1920 1861 1860 1859 1800 1799 1798 1797 1796 1737 1678 1619 1560 1501 1442 1383 1324 1265 1206 1205 1204 1203 1202 1143 1084 
3283 3224 3225 3166 3107 3106 3047 2988 2929 2870 2811 2752 2751 2750 2691 2632 2631 2572 2513 2512 2453 2394 2335 2276 2217 2158 2099 2040 2039 1980 1921 1920 1861 1860 1859 1800 1799 1798 1797 1796 1737 1678 1619 1560 1501 1442 1383 1324 1265 1206 1205 1204 1203 1202 1143 
3342 3283 3224 3225 3166 3107 3106 3047 2988 2929 2870 2811 2752 2751 2750 2691 2632 2631 2572 2513 2512 2453 2394 2335 2276 2217 2158 2099 2040 2039 1980 1921 1920 1861 1860 1859 1800 1799 1798 1797 1796 1737 1678 1619 1560 1501 1442 1383 1324 1265 1206 1205 1204 1203 1202 
3343 3342 3283 3224 3225 3166 3107 3106 3047 2988 2929 2870 2811 2752 2751 2750 2691 2632 2631 2572 2513 2512 2453 2394 2335 2276 2217 2158 2099 2040 2039 1980 1921 1920 1861 1860 1859 1800 1799 1798 1797 1796 1737 1678 1619 1560 1501 1442 1383 1324 1265 1206 1205 1204 1203 
3344 3343 3342 3283 3224 3225 3166 3107 3106 3047 2988 2929 2870 2811 2752 2751 2750 2691 2632 2631 2572 2513 2512 2453 2394 2335 2276 2217 2158 2099 2040 2039 1980 1921 1920 1861 1860 1859 1800 1799 1798 1797 1796 1737 1678 1619 1560 1501 1442 1383 1324 1265 1206 1205 1204 
3403 3344 3343 3342 3283 3224 3225 3166 3107 3106 3047 2988 2929 2870 2811 2752 2751 2750 2691 2632 2631 2572 2513 2512 2453 2394 2335 2276 2217 2158 2099 2040 2039 1980 1921 1920 1861 1860 1859 1800 1799 1798 1797 1796 1737 1678 1619 1560 1501 1442 1383 1324 1265 1206 1205 
3462 3403 3344 3343 3342 3283 3224 3225 3166 3107 3106 3047 2988 2929 2870 2811 2752 2751 2750 2691 2632 2631 2572 2513 2512 2453 2394 2335 2276 2217 2158 2099 2040 2039 1980 1921 1920 1861 1860 1859 1800 1799 1798 1797 1796 1737 1678 1619 1560 1501 1442 1383 1324 1265 1206 
3461 3460 3401 3342 3283 3224 3225 3166 3107 3106 3047 2988 2929 2870 2811 2752 2751 2750 2691 2632 2631 2572 2513 2512 2453 2394 2335 2276 2217 2158 2099 2040 2039 1980 1921 1920 1861 1860 1859 1800 1799 1798 1797 1796 1737 1678 1619 1560 1501 1442 1383 1324 1265 
3460 3401 3342 3283 3224 3225 3166 3107 3106 3047 2988 2929 2870 2811 2752 2751 2750 2691 2632 2631 2572 2513 2512 2453 2394 2335 2276 2217 2158 2099 2040 2039 1980 1921 1920 1861 1860 1859 1800 1799 1798 1797 1796 1737 1678 1619 1560 1501 1442 1383 1324 
3459 3460 3401 3342 3283 3224 3225 3166 3107 3106 3047 2988 2929 2870 2811 2752 2751 2750 2691 2632 2631 2572 2513 2512 2453 2394 2335 2276 2217 2158 2099 2040 2039 1980 1921 1920 1861 1860 1859 1800 1799 1798 1797 1796 1737 1678 1619 1560 1501 1442 1383 
3458 3399 3340 3281 3222 3163 3104 3105 3106 3047 2988 2929 2870 2811 2752 2751 2750 2691 2632 2631 2572 2513 2512 2453 2394 2335 2276 2217 2158 2099 2040 2039 1980 1921 1920 1861 1860 1859 1800 1799 1798 1797 1796 1737 1678 1619 1560 1501 1442 
3457 3458 3399 3340 3281 3222 3163 3104 3105 3106 3047 2988 2929 2870 2811 2752 2751 2750 2691 2632 2631 2572 2513 2512 2453 2394 2335 2276 2217 2158 2099 2040 2039 1980 1921 1920 1861 1860 1859 1800 1799 1798 1797 1796 1737 1678 1619 1560 1501 
3456 3397 3338 3279 3220 3221 3162 3103 3044 2985 2984 2925 2866 2865 2864 2805 2746 2747 2748 2689 2630 2571 2512 2453 2394 2335 2276 2217 2158 2099 2040 2039 1980 1921 1920 1861 1860 1859 1800 1799 1798 1797 1796 1737 1678 1619 1560 
3397 3338 3279 3220 3221 3162 3103 3044 2985 2984 2925 2866 2865 2864 2805 2746 2747 2748 2689 2630 2571 2512 2453 2394 2335 2276 2217 2158 2099 2040 2039 1980 1921 1920 1861 1860 1859 1800 1799 1798 1797 1796 1737 1678 1619 
3338 3279 3220 3221 3162 3103 3044 2985 2984 2925 2866 2865 2864 2805 2746 2747 2748 2689 2630 2571 2512 2453 2394 2335 2276 2217 2158 2099 2040 2039 1980 1921 1920 1861 1860 1859 1800 1799 1798 1797 1796 1737 1678 
3279 3220 3221 3162 3103 3044 2985 2984 2925 2866 2865 2864 2805 2746 2747 2748 2689 2630 2571 2512 2453 2394 2335 2276 2217 2158 2099 2040 2039 1980 1921 1920 1861 1860 1859 1800 1799 1798 1797 1796 1737 
3220 3221 3162 3103 3044 2985 2984 2925 2866 2865 2864 2805 2746 2747 2748 2689 2630 2571 2512 2453 2394 2335 2276 2217 2158 2099 2040 2039 1980 1921 1920 1861 1860 1859 1800 1799 1798 1797 1796 
3219 3220 3221 3162 3103 3044 2985 2984 2925 2866 2865 2864 2805 2746 2747 2748 2689 2630 2571 2512 2453 2394 2335 2276 2217 2158 2099 2040 2039 1980 1921 1920 1861 1860 1859 1800 1799 1798 1797 
3218 3159 3100 3041 2982 2983 2984 2925 2866 2865 2864 2805 2746 2747 2748 2689 2630 2571 2512 2453 2394 2335 2276 2217 2158 2099 2040 2039 1980 1921 1920 1861 1860 1859 1800 1799 1798 
3159 3100 3041 2982 2983 2984 2925 2866 2865 2864 2805 2746 2747 2748 2689 2630 2571 2512 2453 2394 2335 2276 2217 2158 2099 2040 2039 1980 1921 1920 1861 1860 1859 1800 1799 
3158 3159 3100 3041 2982 2983 2984 2925 2866 2865 2864 2805 2746 2747 2748 2689 2630 2571 2512 2453 2394 2335 2276 2217 2158 2099 2040 2039 1980 1921 1920 1861 1860 1859 1800 
3157 3098 3039 3038 3037 2978 2977 2976 2917 2858 2859 2860 2801 2742 2683 2624 2565 2506 2447 2388 2329 2270 2271 2272 2273 2214 2155 2154 2095 2036 1977 1918 1859 
3156 3097 3038 3037 2978 2977 2976 2917 2858 2859 2860 2801 2742 2683 2624 2565 2506 2447 2388 2329 2270 2271 2272 2273 2214 2155 2154 2095 2036 1977 1918 
3155 3096 3037 2978 2977 2976 2917 2858 2859 2860 2801 2742 2683 2624 2565 2506 2447 2388 2329 2270 2271 2272 2273 2214 2155 2154 2095 2036 1977 
3154 3095 3094 3035 2976 2917 2858 2859 2860 2801 2742 2683 2624 2565 2506 2447 2388 2329 2270 2271 2272 2273 2214 2155 2154 2095 2036 
3153 3094 3035 2976 2917 2858 2859 2860 2801 2742 2683 2624 2565 2506 2447 2388 2329 2270 2271 2272 2273 2214 2155 2154 2095 
3094 3035 2976 2917 2858 2859 2860 2801 2742 2683 2624 2565 2506 2447 2388 2329 2270 2271 2272 2273 2214 2155 2154 
3035 2976 2917 2858 2859 2860 2801 2742 2683 2624 2565 2506 2447 2388 2329 2270 2271 2272 2273 2214 2155 
2976 2917 2858 2859 2860 2801 2742 2683 2624 2565 2506 2447 2388 2329 2270 2271 2272 2273 2214 
2917 2858 2859 2860 2801 2742 2683 2624 2565 2506 2447 2388 2329 2270 2271 2272 2273 
2858 2859 2860 2801 2742 2683 2624 2565 2506 2447 2388 2329 2270 2271 2272 
2857 2858 2859 2860 2801 2742 2683 2624 2565 2506 2447 2388 2329 2270 2271 
2856 2857 2858 2859 2860 2801 2742 2683 2624 2565 2506 2447 2388 2329 2270 
2797 2856 2857 2858 2859 2860 2801 2742 2683 2624 2565 2506 2447 2388 2329 
2738 2797 2856 2857 2858 2859 2860 2801 2742 2683 2624 2565 2506 2447 2388 
2797 2856 2857 2858 2859 2860 2801 2742 2683 2624 2565 2506 2447 
2856 2857 2858 2859 2860 2801 2742 2683 2624 2565 2506 
2915 2856 2857 2858 2859 2860 2801 2742 2683 2624 2565 
2974 2915 2856 2857 2858 2859 2860 2801 2742 2683 2624 
2973 2974 2915 2856 2857 2858 2859 2860 2801 2742 2683 
2972 2973 2974 2915 2856 2857 2858 2859 2860 2801 2742 
2913 2972 2973 2974 2915 2856 2857 2858 2859 2860 2801 
2854 2913 2972 2973 2974 2915 2856 2857 2858 2859 2860 
2795 2854 2913 2972 2973 2974 2915 2856 2857 2858 2859 
2794 2795 2854 2913 2972 2973 2974 2915 2856 2857 2858 
2793 2794 2795 2854 2913 2972 2973 2974 2915 2856 2857 
2734 2735 2794 2795 2854 2913 2972 2973 2974 2915 2856 
2735 2794 2795 2854 2913 2972 2973 2974 2915 
2736 2795 2854 2913 2972 2973 2974 
2677 2736 2795 2854